"alabama"	[-8, 11, -0.7272727272727273]
"arizona"	[13, 20, 0.65]
"arkansas"	[-2, 4, -0.5]
"california"	[34, 71, 0.4788732394366197]
"colorado"	[5, 14, 0.35714285714285715]
"connecticut"	[5, 4, 1.25]
"delaware"	[0, 1, 0.0]
"florida"	[33, 38, 0.868421052631579]
"georgia"	[26, 30, 0.8666666666666667]
"hawaii"	[-8, 1, -8.0]
"idaho"	[2, 4, 0.5]
"illinois"	[1, 21, 0.047619047619047616]
"indiana"	[8, 13, 0.6153846153846154]
"iowa"	[1, 4, 0.25]
"kansas"	[-5, 4, -1.25]
"kentucky"	[5, 6, 0.8333333333333334]
"louisiana"	[-5, 14, -0.35714285714285715]
"maine"	[2, 2, 1.0]
"maryland"	[-2, 8, -0.25]
"massachusetts"	[20, 17, 1.1764705882352942]
"michigan"	[8, 26, 0.3076923076923077]
"minnesota"	[-3, 6, -0.5]
"mississippi"	[-2, 8, -0.25]
"missouri"	[8, 7, 1.1428571428571428]
"nebraska"	[5, 1, 5.0]
"nevada"	[0, 4, 0.0]
"new hampshire"	[-1, 2, -0.5]
"new jersey"	[4, 12, 0.3333333333333333]
"new mexico"	[5, 3, 1.6666666666666667]
"new york"	[-5, 34, -0.14705882352941177]
"north carolina"	[17, 21, 0.8095238095238095]
"north dakota"	[0, 2, 0.0]
"ohio"	[3, 21, 0.14285714285714285]
"oklahoma"	[-6, 8, -0.75]
"oregon"	[-4, 11, -0.36363636363636365]
"pennsylvania"	[18, 22, 0.8181818181818182]
"south carolina"	[3, 4, 0.75]
"south dakota"	[-4, 2, -2.0]
"tennessee"	[-10, 9, -1.1111111111111112]
"texas"	[64, 81, 0.7901234567901234]
"utah"	[0, 1, 0.0]
"vermont"	[0, 1, 0.0]
"virginia"	[2, 18, 0.1111111111111111]
"washington"	[-8, 24, -0.3333333333333333]
"west virginia"	[-1, 3, -0.3333333333333333]
"wisconsin"	[-7, 6, -1.1666666666666667]
"wyoming"	[0, 1, 0.0]
